35
  -1   -2      1.988      5.828      0.422 4
  -1   38      3.244      2.097      0.598 4
  -1   39      2.000      2.742      1.680 4
  -1   -2      2.151      4.888      2.403 4
  -1   -2      3.716      3.910      2.906 4
  -1   37      3.716      3.910      2.906 2
  -1   36      1.988      5.828      0.422 2
  -1   35      2.151      4.888      2.403 2
  -1   -2      2.000      2.742      1.680 2
  -1   -2      3.244      2.097      0.598 2
  -1   -2      1.988      5.828      0.422 2
  -1   -2      2.151      4.888      2.403 2
  -1   -2      3.716      3.910      2.906 2
  -1   -2      3.244      2.097      0.598 2
  -1   -2      2.000      2.742      1.680 2
  -1   -2      3.244      2.097      0.598 2
  -1   -2      3.716      3.910      2.906 2
  -1   -2      1.988      5.828      0.422 2
  -1   -2      2.000      2.742      1.680 2
  -1   -2      2.151      4.888      2.403 2
  -1   -2      2.000      2.742      1.680 2
  -1   -2      3.244      2.097      0.598 2
  -1   -2      1.988      5.828      0.422 2
  -1   -2      3.716      3.910      2.906 2
  -1   -2      2.151      4.888      2.403 2
  -1   -2      3.244      2.097      0.598 2
  -1   -2      3.716      3.910      2.906 2
  -1   -2      2.000      2.742      1.680 2
  -1   -2      2.151      4.888      2.403 2
  -1   -2      1.988      5.828      0.422 2
  30   -2      2.151      4.888      2.403 2
  32   -2      3.716      3.910      2.906 2
   9   -2      1.988      5.828      0.422 2
   2   -2      2.000      2.742      1.680 2
   4   -2      3.244      2.097      0.598 2
