30
  -1   -2      3.836      3.793      2.907 4
  -1   -2      2.146      5.773      0.422 4
  -1   30      2.303      4.818      2.405 4
  -1   -2      2.125      2.647      1.678 4
  -1   -2      3.331      1.957      0.595 4
  -1   -2      2.146      5.773      0.422 2
  -1   -2      2.303      4.818      2.405 2
  -1   -2      3.836      3.793      2.907 2
  -1   -2      3.331      1.957      0.595 2
  -1   -2      2.125      2.647      1.678 2
  -1   -2      3.331      1.957      0.595 2
  -1   -2      3.836      3.793      2.907 2
  -1   -2      2.146      5.773      0.422 2
  -1   -2      2.125      2.647      1.678 2
  -1   -2      2.303      4.818      2.405 2
  -1   -2      2.125      2.647      1.678 2
  -1   -2      3.331      1.957      0.595 2
  -1   -2      2.146      5.773      0.422 2
  -1   -2      3.836      3.793      2.907 2
  -1   -2      2.303      4.818      2.405 2
  -1   -2      3.331      1.957      0.595 2
  -1   -2      3.836      3.793      2.907 2
  -1   -2      2.125      2.647      1.678 2
  -1   -2      2.303      4.818      2.405 2
  -1   -2      2.146      5.773      0.422 2
  25   -2      2.303      4.818      2.405 2
  27   32      3.836      3.793      2.907 2
   4   31      2.146      5.773      0.422 2
  29   34      2.125      2.647      1.678 2
   3   33      3.331      1.957      0.595 2
