50
  -1   -2      1.506      5.971      0.424 4
  -1   -2      1.681      5.067      2.405 4
  -1   -2      1.598      2.994      1.678 4
  -1   -2      3.336      4.238      2.908 4
  -1   -2      2.952      2.490      0.594 4
  -1   -2      1.506      5.971      0.424 2
  -1   -2      1.681      5.067      2.405 2
  -1   -2      1.598      2.994      1.678 2
  -1   -2      3.336      4.238      2.908 2
  -1   -2      2.952      2.490      0.594 2
  -1   -2      1.598      2.994      1.678 2
  -1   -2      1.681      5.067      2.405 2
  -1   -2      1.506      5.971      0.424 2
  -1   -2      2.952      2.490      0.594 2
  -1   -2      3.336      4.238      2.908 2
  -1   -2      1.506      5.971      0.424 2
  -1   -2      2.952      2.490      0.594 2
  -1   -2      1.598      2.994      1.678 2
  -1   -2      1.681      5.067      2.405 2
  -1   -2      3.336      4.238      2.908 2
  -1   -2      3.336      4.238      2.908 2
  -1   -2      1.506      5.971      0.424 2
  -1   -2      1.681      5.067      2.405 2
  -1   -2      1.598      2.994      1.678 2
  -1   -2      2.952      2.490      0.594 2
  -1   -2      1.506      5.971      0.424 2
  -1   -2      1.681      5.067      2.405 2
  -1   -2      3.336      4.238      2.908 2
  -1   -2      2.952      2.490      0.594 2
  -1   -2      1.598      2.994      1.678 2
  -1   -2      2.952      2.490      0.594 2
  -1   -2      3.336      4.238      2.908 2
  -1   -2      1.506      5.971      0.424 2
  -1   -2      1.598      2.994      1.678 2
  -1   -2      1.681      5.067      2.405 2
  -1   -2      1.598      2.994      1.678 2
  -1   -2      2.952      2.490      0.594 2
  -1   -2      1.506      5.971      0.424 2
  -1   -2      3.336      4.238      2.908 2
  -1   -2      1.681      5.067      2.405 2
  -1   -2      2.952      2.490      0.594 2
  -1   -2      3.336      4.238      2.908 2
  -1   -2      1.598      2.994      1.678 2
  -1   -2      1.681      5.067      2.405 2
  -1   -2      1.506      5.971      0.424 2
  45   -2      1.681      5.067      2.405 2
  47   -2      3.336      4.238      2.908 2
  46   -2      1.506      5.971      0.424 2
  49   -2      1.598      2.994      1.678 2
  48   -2      2.952      2.490      0.594 2
