20
  -1   -2      2.673      4.623      2.404 4
  -1   17      2.534      5.614      0.419 4
  -1   19      3.519      1.595      0.595 4
  -1   -2      2.419      2.382      1.678 4
  -1   -2      4.119      3.484      2.907 4
  -1   -2      2.534      5.614      0.419 2
  -1   -2      4.119      3.484      2.907 2
  -1   18      2.419      2.382      1.678 2
  -1   -2      3.519      1.595      0.595 2
  -1   -2      2.673      4.623      2.404 2
  -1   -2      2.534      5.614      0.419 2
  -1   -2      2.673      4.623      2.404 2
  -1   -2      2.419      2.382      1.678 2
  -1   -2      3.519      1.595      0.595 2
  -1   -2      4.119      3.484      2.907 2
  10   15      2.673      4.623      2.404 2
   2   -2      2.534      5.614      0.419 2
  11   16      4.119      3.484      2.907 2
  14   -2      3.519      1.595      0.595 2
  13   -2      2.419      2.382      1.678 2
