30
  -1   -2      3.895      3.733      2.907 4
  -1   -2      2.187      2.596      1.678 4
  -1   -2      2.378      4.781      2.404 4
  -1   29      3.371      1.887      0.596 4
  -1   27      2.225      5.744      0.423 4
  -1   -2      3.895      3.733      2.907 2
  -1   -2      2.378      4.781      2.404 2
  -1   -2      3.371      1.887      0.596 2
  -1   -2      2.225      5.744      0.423 2
  -1   -2      2.187      2.596      1.678 2
  -1   -2      2.378      4.781      2.404 2
  -1   -2      2.225      5.744      0.423 2
  -1   -2      3.371      1.887      0.596 2
  -1   -2      2.187      2.596      1.678 2
  -1   -2      3.895      3.733      2.907 2
  -1   -2      2.225      5.744      0.423 2
  -1   -2      3.895      3.733      2.907 2
  -1   -2      2.187      2.596      1.678 2
  -1   -2      3.371      1.887      0.596 2
  -1   -2      2.378      4.781      2.404 2
  -1   -2      2.225      5.744      0.423 2
  -1   -2      2.378      4.781      2.404 2
  -1   -2      2.187      2.596      1.678 2
  -1   -2      3.371      1.887      0.596 2
  -1   -2      3.895      3.733      2.907 2
   1   25      2.378      4.781      2.404 2
  22   -2      2.225      5.744      0.423 2
  21   26      3.895      3.733      2.907 2
   3   -2      3.371      1.887      0.596 2
  23   28      2.187      2.596      1.678 2
