15
  -1   -2      2.474      2.326      1.680 4
  -1   -2      3.552      1.521      0.595 4
  -1   16      2.610      5.580      0.420 4
  -1   -2      4.173      3.421      2.907 4
  -1   -2      2.745      4.581      2.405 4
  -1   -2      3.552      1.521      0.595 2
  -1   -2      4.173      3.421      2.907 2
  -1   -2      2.474      2.326      1.680 2
  -1   -2      2.745      4.581      2.405 2
  -1   -2      2.610      5.580      0.420 2
  10   15      2.745      4.581      2.405 2
  12   17      4.173      3.421      2.907 2
  11   -2      2.610      5.580      0.420 2
  14   19      2.474      2.326      1.680 2
   8   18      3.552      1.521      0.595 2
