15
  -1   -2      2.686      5.543      0.420 4
  -1   -2      4.225      3.355      2.906 4
  -1   -2      2.527      2.267      1.680 4
  -1   -2      3.584      1.445      0.595 4
  -1   -2      2.817      4.537      2.405 4
  -1   -2      2.686      5.543      0.420 2
  -1   -2      2.817      4.537      2.405 2
  -1   -2      2.527      2.267      1.680 2
  -1   14      3.584      1.445      0.595 2
  -1   -2      4.225      3.355      2.906 2
   3   10      2.817      4.537      2.405 2
   4   12      2.686      5.543      0.420 2
   6   11      4.225      3.355      2.906 2
   9   -2      3.584      1.445      0.595 2
   2   13      2.527      2.267      1.680 2
