50
  -1   -2      1.588      5.950      0.422 4
  -1   -2      3.402      4.185      2.909 4
  -1   -2      1.761      5.041      2.407 4
  -1   -2      1.668      2.956      1.680 4
  -1   -2      3.005      2.428      0.594 4
  -1   -2      1.588      5.950      0.422 2
  -1   -2      3.005      2.428      0.594 2
  -1   -2      3.402      4.185      2.909 2
  -1   -2      1.668      2.956      1.680 2
  -1   -2      1.761      5.041      2.407 2
  -1   -2      1.668      2.956      1.680 2
  -1   -2      3.402      4.185      2.909 2
  -1   -2      1.588      5.950      0.422 2
  -1   -2      1.761      5.041      2.407 2
  -1   -2      3.005      2.428      0.594 2
  -1   -2      3.402      4.185      2.909 2
  -1   -2      1.588      5.950      0.422 2
  -1   -2      1.668      2.956      1.680 2
  -1   -2      1.761      5.041      2.407 2
  -1   -2      3.005      2.428      0.594 2
  -1   -2      3.402      4.185      2.909 2
  -1   -2      1.668      2.956      1.680 2
  -1   -2      1.761      5.041      2.407 2
  -1   -2      3.005      2.428      0.594 2
  -1   -2      1.588      5.950      0.422 2
  -1   -2      3.402      4.185      2.909 2
  -1   -2      1.761      5.041      2.407 2
  -1   -2      3.005      2.428      0.594 2
  -1   -2      1.588      5.950      0.422 2
  -1   -2      1.668      2.956      1.680 2
  -1   -2      1.761      5.041      2.407 2
  -1   -2      1.588      5.950      0.422 2
  -1   -2      3.005      2.428      0.594 2
  -1   -2      1.668      2.956      1.680 2
  -1   -2      3.402      4.185      2.909 2
  -1   -2      1.588      5.950      0.422 2
  -1   -2      3.402      4.185      2.909 2
  -1   -2      1.668      2.956      1.680 2
  -1   -2      3.005      2.428      0.594 2
  -1   -2      1.761      5.041      2.407 2
  -1   -2      1.588      5.950      0.422 2
  -1   -2      1.761      5.041      2.407 2
  -1   -2      1.668      2.956      1.680 2
  -1   -2      3.005      2.428      0.594 2
  -1   -2      3.402      4.185      2.909 2
  40   45      1.761      5.041      2.407 2
   0   47      1.588      5.950      0.422 2
   3   46      3.402      4.185      2.909 2
  44   49      3.005      2.428      0.594 2
   2   48      1.668      2.956      1.680 2
