35
  -1   -2      3.777      3.851      2.908 4
  -1   -2      2.067      5.802      0.420 4
  -1   33      2.064      2.695      1.677 4
  -1   -2      2.227      4.853      2.404 4
  -1   34      3.289      2.028      0.594 4
  -1   -2      3.777      3.851      2.908 2
  -1   -2      2.064      2.695      1.677 2
  -1   -2      2.227      4.853      2.404 2
  -1   -2      3.289      2.028      0.594 2
  -1   32      2.067      5.802      0.420 2
  -1   -2      3.777      3.851      2.908 2
  -1   -2      2.227      4.853      2.404 2
  -1   -2      3.289      2.028      0.594 2
  -1   -2      2.067      5.802      0.420 2
  -1   -2      2.064      2.695      1.677 2
  -1   -2      2.227      4.853      2.404 2
  -1   -2      2.067      5.802      0.420 2
  -1   -2      3.289      2.028      0.594 2
  -1   -2      2.064      2.695      1.677 2
  -1   -2      3.777      3.851      2.908 2
  -1   -2      2.067      5.802      0.420 2
  -1   -2      3.777      3.851      2.908 2
  -1   -2      2.064      2.695      1.677 2
  -1   -2      3.289      2.028      0.594 2
  -1   -2      2.227      4.853      2.404 2
  -1   -2      2.067      5.802      0.420 2
  -1   -2      2.227      4.853      2.404 2
  -1   -2      2.064      2.695      1.677 2
  -1   -2      3.289      2.028      0.594 2
  -1   -2      3.777      3.851      2.908 2
   2   30      2.227      4.853      2.404 2
  27   -2      2.067      5.802      0.420 2
  26   31      3.777      3.851      2.908 2
  29   -2      3.289      2.028      0.594 2
  28   -2      2.064      2.695      1.677 2
