40
  -1   -2      1.870      2.833      1.678 4
  -1   -2      1.996      4.952      2.405 4
  -1   -2      1.829      5.880      0.422 4
  -1   -2      3.153      2.232      0.597 4
  -1   42      3.593      4.023      2.907 4
  -1   -2      1.829      5.880      0.422 2
  -1   -2      3.153      2.232      0.597 2
  -1   -2      1.870      2.833      1.678 2
  -1   -2      1.996      4.952      2.405 2
  -1   -2      3.593      4.023      2.907 2
  -1   -2      3.593      4.023      2.907 2
  -1   -2      1.829      5.880      0.422 2
  -1   -2      1.996      4.952      2.405 2
  -1   -2      1.870      2.833      1.678 2
  -1   -2      3.153      2.232      0.597 2
  -1   -2      1.829      5.880      0.422 2
  -1   -2      1.996      4.952      2.405 2
  -1   -2      3.593      4.023      2.907 2
  -1   -2      3.153      2.232      0.597 2
  -1   -2      1.870      2.833      1.678 2
  -1   -2      3.153      2.232      0.597 2
  -1   -2      3.593      4.023      2.907 2
  -1   -2      1.829      5.880      0.422 2
  -1   -2      1.870      2.833      1.678 2
  -1   -2      1.996      4.952      2.405 2
  -1   -2      1.870      2.833      1.678 2
  -1   -2      3.153      2.232      0.597 2
  -1   -2      1.829      5.880      0.422 2
  -1   -2      3.593      4.023      2.907 2
  -1   -2      1.996      4.952      2.405 2
  -1   -2      3.153      2.232      0.597 2
  -1   -2      3.593      4.023      2.907 2
  -1   -2      1.870      2.833      1.678 2
  -1   -2      1.996      4.952      2.405 2
  -1   -2      1.829      5.880      0.422 2
   3   40      1.996      4.952      2.405 2
   1   -2      3.593      4.023      2.907 2
  36   41      1.829      5.880      0.422 2
   7   44      1.870      2.833      1.678 2
   4   43      3.153      2.232      0.597 2
