25
  -1   -2      2.303      5.712      0.421 4
  -1   25      2.453      4.744      2.404 4
  -1   -2      3.952      3.672      2.907 4
  -1   28      3.411      1.816      0.595 4
  -1   -2      2.246      2.545      1.677 4
  -1   -2      3.411      1.816      0.595 2
  -1   -2      3.952      3.672      2.907 2
  -1   -2      2.303      5.712      0.421 2
  -1   -2      2.246      2.545      1.677 2
  -1   -2      2.453      4.744      2.404 2
  -1   -2      2.246      2.545      1.677 2
  -1   -2      3.411      1.816      0.595 2
  -1   -2      2.303      5.712      0.421 2
  -1   -2      3.952      3.672      2.907 2
  -1   -2      2.453      4.744      2.404 2
  -1   -2      3.411      1.816      0.595 2
  -1   -2      3.952      3.672      2.907 2
  -1   -2      2.246      2.545      1.677 2
  -1   -2      2.453      4.744      2.404 2
  -1   -2      2.303      5.712      0.421 2
   5   -2      2.453      4.744      2.404 2
   9   27      3.952      3.672      2.907 2
   3   26      2.303      5.712      0.421 2
   8   29      2.246      2.545      1.677 2
  23   -2      3.411      1.816      0.595 2
