45
  -1   42      1.749      5.905      0.422 4
  -1   44      3.105      2.298      0.598 4
  -1   -2      3.530      4.078      2.911 4
  -1   -2      1.803      2.876      1.678 4
  -1   -2      1.918      4.983      2.406 4
  -1   -2      1.803      2.876      1.678 2
  -1   41      3.530      4.078      2.911 2
  -1   -2      1.749      5.905      0.422 2
  -1   40      1.918      4.983      2.406 2
  -1   -2      3.105      2.298      0.598 2
  -1   -2      3.530      4.078      2.911 2
  -1   -2      1.749      5.905      0.422 2
  -1   -2      1.803      2.876      1.678 2
  -1   -2      1.918      4.983      2.406 2
  -1   -2      3.105      2.298      0.598 2
  -1   -2      3.530      4.078      2.911 2
  -1   -2      1.803      2.876      1.678 2
  -1   -2      1.918      4.983      2.406 2
  -1   -2      3.105      2.298      0.598 2
  -1   -2      1.749      5.905      0.422 2
  -1   -2      3.530      4.078      2.911 2
  -1   -2      1.918      4.983      2.406 2
  -1   -2      3.105      2.298      0.598 2
  -1   -2      1.749      5.905      0.422 2
  -1   -2      1.803      2.876      1.678 2
  -1   -2      1.918      4.983      2.406 2
  -1   -2      1.749      5.905      0.422 2
  -1   -2      3.105      2.298      0.598 2
  -1   -2      1.803      2.876      1.678 2
  -1   -2      3.530      4.078      2.911 2
  -1   -2      1.749      5.905      0.422 2
  -1   -2      3.530      4.078      2.911 2
  -1   -2      1.803      2.876      1.678 2
  -1   -2      3.105      2.298      0.598 2
  -1   -2      1.918      4.983      2.406 2
  -1   -2      1.749      5.905      0.422 2
  -1   -2      1.918      4.983      2.406 2
  -1   -2      1.803      2.876      1.678 2
  -1   -2      3.105      2.298      0.598 2
  -1   -2      3.530      4.078      2.911 2
  35   -2      1.918      4.983      2.406 2
  37   -2      1.749      5.905      0.422 2
   4   -2      3.530      4.078      2.911 2
  39   -2      3.105      2.298      0.598 2
  38   43      1.803      2.876      1.678 2
