20
  -1   -2      3.484      1.669      0.596 4
  -1   22      4.065      3.548      2.905 4
  -1   -2      2.457      5.649      0.421 4
  -1   24      2.363      2.437      1.680 4
  -1   -2      2.601      4.664      2.403 4
  -1   -2      2.363      2.437      1.680 2
  -1   -2      3.484      1.669      0.596 2
  -1   -2      2.457      5.649      0.421 2
  -1   -2      4.065      3.548      2.905 2
  -1   -2      2.601      4.664      2.403 2
  -1   -2      3.484      1.669      0.596 2
  -1   -2      4.065      3.548      2.905 2
  -1   -2      2.363      2.437      1.680 2
  -1   -2      2.601      4.664      2.403 2
  -1   -2      2.457      5.649      0.421 2
  15   20      2.601      4.664      2.403 2
  17   -2      4.065      3.548      2.905 2
   1   21      2.457      5.649      0.421 2
   7   -2      2.363      2.437      1.680 2
   2   23      3.484      1.669      0.596 2
