25
  -1   -2      4.009      3.610      2.910 4
  -1   -2      2.527      4.705      2.402 4
  -1   -2      3.448      1.743      0.595 4
  -1   22      2.380      5.681      0.422 4
  -1   -2      2.305      2.492      1.678 4
  -1   20      2.527      4.705      2.402 2
  -1   -2      2.380      5.681      0.422 2
  -1   -2      3.448      1.743      0.595 2
  -1   23      2.305      2.492      1.678 2
  -1   21      4.009      3.610      2.910 2
  -1   -2      2.380      5.681      0.422 2
  -1   -2      4.009      3.610      2.910 2
  -1   -2      2.305      2.492      1.678 2
  -1   -2      3.448      1.743      0.595 2
  -1   -2      2.527      4.705      2.402 2
  -1   -2      2.380      5.681      0.422 2
  -1   -2      2.527      4.705      2.402 2
  -1   -2      2.305      2.492      1.678 2
  -1   -2      3.448      1.743      0.595 2
  -1   -2      4.009      3.610      2.910 2
  15   -2      2.527      4.705      2.402 2
  17   -2      2.380      5.681      0.422 2
   1   -2      4.009      3.610      2.910 2
  19   24      3.448      1.743      0.595 2
   3   -2      2.305      2.492      1.678 2
