30
  -1   -2      3.836      3.793      2.907
  -1   -2      2.146      5.773      0.422
  -1   30      2.303      4.818      2.405
  -1   -2      2.125      2.647      1.678
  -1   -2      3.331      1.957      0.595
  -1   -2      2.146      5.773      0.422
  -1   -2      2.303      4.818      2.405
  -1   -2      3.836      3.793      2.907
  -1   -2      3.331      1.957      0.595
  -1   -2      2.125      2.647      1.678
  -1   -2      3.331      1.957      0.595
  -1   -2      3.836      3.793      2.907
  -1   -2      2.146      5.773      0.422
  -1   -2      2.125      2.647      1.678
  -1   -2      2.303      4.818      2.405
  -1   -2      2.125      2.647      1.678
  -1   -2      3.331      1.957      0.595
  -1   -2      2.146      5.773      0.422
  -1   -2      3.836      3.793      2.907
  -1   -2      2.303      4.818      2.405
  -1   -2      3.331      1.957      0.595
  -1   -2      3.836      3.793      2.907
  -1   -2      2.125      2.647      1.678
  -1   -2      2.303      4.818      2.405
  -1   -2      2.146      5.773      0.422
  25   -2      2.303      4.818      2.405
  27   32      3.836      3.793      2.907
   4   31      2.146      5.773      0.422
  29   34      2.125      2.647      1.678
   3   33      3.331      1.957      0.595
