25
  -1   -2      4.009      3.610      2.910
  -1   -2      2.527      4.705      2.402
  -1   -2      3.448      1.743      0.595
  -1   22      2.380      5.681      0.422
  -1   -2      2.305      2.492      1.678
  -1   20      2.527      4.705      2.402
  -1   -2      2.380      5.681      0.422
  -1   -2      3.448      1.743      0.595
  -1   23      2.305      2.492      1.678
  -1   21      4.009      3.610      2.910
  -1   -2      2.380      5.681      0.422
  -1   -2      4.009      3.610      2.910
  -1   -2      2.305      2.492      1.678
  -1   -2      3.448      1.743      0.595
  -1   -2      2.527      4.705      2.402
  -1   -2      2.380      5.681      0.422
  -1   -2      2.527      4.705      2.402
  -1   -2      2.305      2.492      1.678
  -1   -2      3.448      1.743      0.595
  -1   -2      4.009      3.610      2.910
  15   -2      2.527      4.705      2.402
  17   -2      2.380      5.681      0.422
   1   -2      4.009      3.610      2.910
  19   24      3.448      1.743      0.595
   3   -2      2.305      2.492      1.678
