25
  -1   -2      2.303      5.712      0.421
  -1   25      2.453      4.744      2.404
  -1   -2      3.952      3.672      2.907
  -1   28      3.411      1.816      0.595
  -1   -2      2.246      2.545      1.677
  -1   -2      3.411      1.816      0.595
  -1   -2      3.952      3.672      2.907
  -1   -2      2.303      5.712      0.421
  -1   -2      2.246      2.545      1.677
  -1   -2      2.453      4.744      2.404
  -1   -2      2.246      2.545      1.677
  -1   -2      3.411      1.816      0.595
  -1   -2      2.303      5.712      0.421
  -1   -2      3.952      3.672      2.907
  -1   -2      2.453      4.744      2.404
  -1   -2      3.411      1.816      0.595
  -1   -2      3.952      3.672      2.907
  -1   -2      2.246      2.545      1.677
  -1   -2      2.453      4.744      2.404
  -1   -2      2.303      5.712      0.421
   5   -2      2.453      4.744      2.404
   9   27      3.952      3.672      2.907
   3   26      2.303      5.712      0.421
   8   29      2.246      2.545      1.677
  23   -2      3.411      1.816      0.595
