35
  -1   -2      1.988      5.828      0.422
  -1   38      3.244      2.097      0.598
  -1   39      2.000      2.742      1.680
  -1   -2      2.151      4.888      2.403
  -1   -2      3.716      3.910      2.906
  -1   37      3.716      3.910      2.906
  -1   36      1.988      5.828      0.422
  -1   35      2.151      4.888      2.403
  -1   -2      2.000      2.742      1.680
  -1   -2      3.244      2.097      0.598
  -1   -2      1.988      5.828      0.422
  -1   -2      2.151      4.888      2.403
  -1   -2      3.716      3.910      2.906
  -1   -2      3.244      2.097      0.598
  -1   -2      2.000      2.742      1.680
  -1   -2      3.244      2.097      0.598
  -1   -2      3.716      3.910      2.906
  -1   -2      1.988      5.828      0.422
  -1   -2      2.000      2.742      1.680
  -1   -2      2.151      4.888      2.403
  -1   -2      2.000      2.742      1.680
  -1   -2      3.244      2.097      0.598
  -1   -2      1.988      5.828      0.422
  -1   -2      3.716      3.910      2.906
  -1   -2      2.151      4.888      2.403
  -1   -2      3.244      2.097      0.598
  -1   -2      3.716      3.910      2.906
  -1   -2      2.000      2.742      1.680
  -1   -2      2.151      4.888      2.403
  -1   -2      1.988      5.828      0.422
  30   -2      2.151      4.888      2.403
  32   -2      3.716      3.910      2.906
   9   -2      1.988      5.828      0.422
   2   -2      2.000      2.742      1.680
   4   -2      3.244      2.097      0.598
