20
  -1   -2      2.673      4.623      2.404
  -1   17      2.534      5.614      0.419
  -1   19      3.519      1.595      0.595
  -1   -2      2.419      2.382      1.678
  -1   -2      4.119      3.484      2.907
  -1   -2      2.534      5.614      0.419
  -1   -2      4.119      3.484      2.907
  -1   18      2.419      2.382      1.678
  -1   -2      3.519      1.595      0.595
  -1   -2      2.673      4.623      2.404
  -1   -2      2.534      5.614      0.419
  -1   -2      2.673      4.623      2.404
  -1   -2      2.419      2.382      1.678
  -1   -2      3.519      1.595      0.595
  -1   -2      4.119      3.484      2.907
  10   15      2.673      4.623      2.404
   2   -2      2.534      5.614      0.419
  11   16      4.119      3.484      2.907
  14   -2      3.519      1.595      0.595
  13   -2      2.419      2.382      1.678
