50
  -1   -2      1.506      5.971      0.424
  -1   -2      1.681      5.067      2.405
  -1   -2      1.598      2.994      1.678
  -1   -2      3.336      4.238      2.908
  -1   -2      2.952      2.490      0.594
  -1   -2      1.506      5.971      0.424
  -1   -2      1.681      5.067      2.405
  -1   -2      1.598      2.994      1.678
  -1   -2      3.336      4.238      2.908
  -1   -2      2.952      2.490      0.594
  -1   -2      1.598      2.994      1.678
  -1   -2      1.681      5.067      2.405
  -1   -2      1.506      5.971      0.424
  -1   -2      2.952      2.490      0.594
  -1   -2      3.336      4.238      2.908
  -1   -2      1.506      5.971      0.424
  -1   -2      2.952      2.490      0.594
  -1   -2      1.598      2.994      1.678
  -1   -2      1.681      5.067      2.405
  -1   -2      3.336      4.238      2.908
  -1   -2      3.336      4.238      2.908
  -1   -2      1.506      5.971      0.424
  -1   -2      1.681      5.067      2.405
  -1   -2      1.598      2.994      1.678
  -1   -2      2.952      2.490      0.594
  -1   -2      1.506      5.971      0.424
  -1   -2      1.681      5.067      2.405
  -1   -2      3.336      4.238      2.908
  -1   -2      2.952      2.490      0.594
  -1   -2      1.598      2.994      1.678
  -1   -2      2.952      2.490      0.594
  -1   -2      3.336      4.238      2.908
  -1   -2      1.506      5.971      0.424
  -1   -2      1.598      2.994      1.678
  -1   -2      1.681      5.067      2.405
  -1   -2      1.598      2.994      1.678
  -1   -2      2.952      2.490      0.594
  -1   -2      1.506      5.971      0.424
  -1   -2      3.336      4.238      2.908
  -1   -2      1.681      5.067      2.405
  -1   -2      2.952      2.490      0.594
  -1   -2      3.336      4.238      2.908
  -1   -2      1.598      2.994      1.678
  -1   -2      1.681      5.067      2.405
  -1   -2      1.506      5.971      0.424
  45   -2      1.681      5.067      2.405
  47   -2      3.336      4.238      2.908
  46   -2      1.506      5.971      0.424
  49   -2      1.598      2.994      1.678
  48   -2      2.952      2.490      0.594
