50
  -1   -2      1.588      5.950      0.422
  -1   -2      3.402      4.185      2.909
  -1   -2      1.761      5.041      2.407
  -1   -2      1.668      2.956      1.680
  -1   -2      3.005      2.428      0.594
  -1   -2      1.588      5.950      0.422
  -1   -2      3.005      2.428      0.594
  -1   -2      3.402      4.185      2.909
  -1   -2      1.668      2.956      1.680
  -1   -2      1.761      5.041      2.407
  -1   -2      1.668      2.956      1.680
  -1   -2      3.402      4.185      2.909
  -1   -2      1.588      5.950      0.422
  -1   -2      1.761      5.041      2.407
  -1   -2      3.005      2.428      0.594
  -1   -2      3.402      4.185      2.909
  -1   -2      1.588      5.950      0.422
  -1   -2      1.668      2.956      1.680
  -1   -2      1.761      5.041      2.407
  -1   -2      3.005      2.428      0.594
  -1   -2      3.402      4.185      2.909
  -1   -2      1.668      2.956      1.680
  -1   -2      1.761      5.041      2.407
  -1   -2      3.005      2.428      0.594
  -1   -2      1.588      5.950      0.422
  -1   -2      3.402      4.185      2.909
  -1   -2      1.761      5.041      2.407
  -1   -2      3.005      2.428      0.594
  -1   -2      1.588      5.950      0.422
  -1   -2      1.668      2.956      1.680
  -1   -2      1.761      5.041      2.407
  -1   -2      1.588      5.950      0.422
  -1   -2      3.005      2.428      0.594
  -1   -2      1.668      2.956      1.680
  -1   -2      3.402      4.185      2.909
  -1   -2      1.588      5.950      0.422
  -1   -2      3.402      4.185      2.909
  -1   -2      1.668      2.956      1.680
  -1   -2      3.005      2.428      0.594
  -1   -2      1.761      5.041      2.407
  -1   -2      1.588      5.950      0.422
  -1   -2      1.761      5.041      2.407
  -1   -2      1.668      2.956      1.680
  -1   -2      3.005      2.428      0.594
  -1   -2      3.402      4.185      2.909
  40   45      1.761      5.041      2.407
   0   47      1.588      5.950      0.422
   3   46      3.402      4.185      2.909
  44   49      3.005      2.428      0.594
   2   48      1.668      2.956      1.680
