40
  -1   -2      1.936      2.788      1.677
  -1   36      3.656      3.967      2.910
  -1   -2      1.909      5.854      0.422
  -1   35      2.074      4.920      2.405
  -1   39      3.199      2.165      0.593
  -1   -2      3.656      3.967      2.910
  -1   -2      1.909      5.854      0.422
  -1   38      1.936      2.788      1.677
  -1   -2      2.074      4.920      2.405
  -1   -2      3.199      2.165      0.593
  -1   -2      3.656      3.967      2.910
  -1   -2      1.936      2.788      1.677
  -1   -2      2.074      4.920      2.405
  -1   -2      3.199      2.165      0.593
  -1   -2      1.909      5.854      0.422
  -1   -2      3.656      3.967      2.910
  -1   -2      2.074      4.920      2.405
  -1   -2      3.199      2.165      0.593
  -1   -2      1.909      5.854      0.422
  -1   -2      1.936      2.788      1.677
  -1   -2      2.074      4.920      2.405
  -1   -2      1.909      5.854      0.422
  -1   -2      3.199      2.165      0.593
  -1   -2      1.936      2.788      1.677
  -1   -2      3.656      3.967      2.910
  -1   -2      1.909      5.854      0.422
  -1   -2      3.656      3.967      2.910
  -1   -2      1.936      2.788      1.677
  -1   -2      3.199      2.165      0.593
  -1   -2      2.074      4.920      2.405
  -1   -2      1.909      5.854      0.422
  -1   -2      2.074      4.920      2.405
  -1   -2      1.936      2.788      1.677
  -1   -2      3.199      2.165      0.593
  -1   -2      3.656      3.967      2.910
   7   -2      2.074      4.920      2.405
   6   37      1.909      5.854      0.422
   5   -2      3.656      3.967      2.910
   1   -2      3.199      2.165      0.593
   2   -2      1.936      2.788      1.677
