20
  -1   -2      3.484      1.669      0.596
  -1   22      4.065      3.548      2.905
  -1   -2      2.457      5.649      0.421
  -1   24      2.363      2.437      1.680
  -1   -2      2.601      4.664      2.403
  -1   -2      2.363      2.437      1.680
  -1   -2      3.484      1.669      0.596
  -1   -2      2.457      5.649      0.421
  -1   -2      4.065      3.548      2.905
  -1   -2      2.601      4.664      2.403
  -1   -2      3.484      1.669      0.596
  -1   -2      4.065      3.548      2.905
  -1   -2      2.363      2.437      1.680
  -1   -2      2.601      4.664      2.403
  -1   -2      2.457      5.649      0.421
  15   20      2.601      4.664      2.403
  17   -2      4.065      3.548      2.905
   1   21      2.457      5.649      0.421
   7   -2      2.363      2.437      1.680
   2   23      3.484      1.669      0.596
