15
  -1   -2      2.474      2.326      1.680
  -1   -2      3.552      1.521      0.595
  -1   16      2.610      5.580      0.420
  -1   -2      4.173      3.421      2.907
  -1   -2      2.745      4.581      2.405
  -1   -2      3.552      1.521      0.595
  -1   -2      4.173      3.421      2.907
  -1   -2      2.474      2.326      1.680
  -1   -2      2.745      4.581      2.405
  -1   -2      2.610      5.580      0.420
  10   15      2.745      4.581      2.405
  12   17      4.173      3.421      2.907
  11   -2      2.610      5.580      0.420
  14   19      2.474      2.326      1.680
   8   18      3.552      1.521      0.595
