45
  -1   46      1.668      5.928      0.420
  -1   -2      1.839      5.012      2.406
  -1   49      1.736      2.917      1.677
  -1   47      3.466      4.132      2.907
  -1   -2      3.055      2.364      0.596
  -1   -2      1.736      2.917      1.677
  -1   -2      1.839      5.012      2.406
  -1   -2      1.668      5.928      0.420
  -1   -2      3.055      2.364      0.596
  -1   -2      3.466      4.132      2.907
  -1   -2      1.668      5.928      0.420
  -1   -2      3.055      2.364      0.596
  -1   -2      1.736      2.917      1.677
  -1   -2      1.839      5.012      2.406
  -1   -2      3.466      4.132      2.907
  -1   -2      3.466      4.132      2.907
  -1   -2      1.668      5.928      0.420
  -1   -2      1.839      5.012      2.406
  -1   -2      1.736      2.917      1.677
  -1   -2      3.055      2.364      0.596
  -1   -2      1.668      5.928      0.420
  -1   -2      1.839      5.012      2.406
  -1   -2      3.466      4.132      2.907
  -1   -2      3.055      2.364      0.596
  -1   -2      1.736      2.917      1.677
  -1   -2      3.055      2.364      0.596
  -1   -2      3.466      4.132      2.907
  -1   -2      1.668      5.928      0.420
  -1   -2      1.736      2.917      1.677
  -1   -2      1.839      5.012      2.406
  -1   -2      1.736      2.917      1.677
  -1   -2      3.055      2.364      0.596
  -1   -2      1.668      5.928      0.420
  -1   -2      3.466      4.132      2.907
  -1   -2      1.839      5.012      2.406
  -1   -2      3.055      2.364      0.596
  -1   -2      3.466      4.132      2.907
  -1   -2      1.736      2.917      1.677
  -1   -2      1.839      5.012      2.406
  -1   -2      1.668      5.928      0.420
   8   45      1.839      5.012      2.406
   6   -2      3.466      4.132      2.907
   0   -2      1.668      5.928      0.420
  44   -2      1.736      2.917      1.677
   1   48      3.055      2.364      0.596
