30
  -1   -2      3.895      3.733      2.907
  -1   -2      2.187      2.596      1.678
  -1   -2      2.378      4.781      2.404
  -1   29      3.371      1.887      0.596
  -1   27      2.225      5.744      0.423
  -1   -2      3.895      3.733      2.907
  -1   -2      2.378      4.781      2.404
  -1   -2      3.371      1.887      0.596
  -1   -2      2.225      5.744      0.423
  -1   -2      2.187      2.596      1.678
  -1   -2      2.378      4.781      2.404
  -1   -2      2.225      5.744      0.423
  -1   -2      3.371      1.887      0.596
  -1   -2      2.187      2.596      1.678
  -1   -2      3.895      3.733      2.907
  -1   -2      2.225      5.744      0.423
  -1   -2      3.895      3.733      2.907
  -1   -2      2.187      2.596      1.678
  -1   -2      3.371      1.887      0.596
  -1   -2      2.378      4.781      2.404
  -1   -2      2.225      5.744      0.423
  -1   -2      2.378      4.781      2.404
  -1   -2      2.187      2.596      1.678
  -1   -2      3.371      1.887      0.596
  -1   -2      3.895      3.733      2.907
   1   25      2.378      4.781      2.404
  22   -2      2.225      5.744      0.423
  21   26      3.895      3.733      2.907
   3   -2      3.371      1.887      0.596
  23   28      2.187      2.596      1.678
