15
  -1   -2      2.686      5.543      0.420
  -1   -2      4.225      3.355      2.906
  -1   -2      2.527      2.267      1.680
  -1   -2      3.584      1.445      0.595
  -1   -2      2.817      4.537      2.405
  -1   -2      2.686      5.543      0.420
  -1   -2      2.817      4.537      2.405
  -1   -2      2.527      2.267      1.680
  -1   14      3.584      1.445      0.595
  -1   -2      4.225      3.355      2.906
   3   10      2.817      4.537      2.405
   4   12      2.686      5.543      0.420
   6   11      4.225      3.355      2.906
   9   -2      3.584      1.445      0.595
   2   13      2.527      2.267      1.680
