50
   1     1.506     5.971     0.424    0    0    0    0
   2     1.681     5.067     2.405    1    1    1    1
   3     1.598     2.994     1.678    3    3    3    3
   4     3.336     4.238     2.908    2    2    2    2
   5     2.952     2.490     0.594    4    4    4    4
   6     1.506     5.971     0.424    0    0    0    0
   7     1.681     5.067     2.405    1    1    1    1
   8     1.598     2.994     1.678    3    3    3    3
   9     3.336     4.238     2.908    2    2    2    2
  10     2.952     2.490     0.594    4    4    4    4
  11     1.598     2.994     1.678    3    3    3    3
  12     1.681     5.067     2.405    1    1    1    1
  13     1.506     5.971     0.424    0    0    0    0
  14     2.952     2.490     0.594    4    4    4    4
  15     3.336     4.238     2.908    2    2    2    2
  16     1.506     5.971     0.424    0    0    0    0
  17     2.952     2.490     0.594    4    4    4    4
  18     1.598     2.994     1.678    3    3    3    3
  19     1.681     5.067     2.405    1    1    1    1
  20     3.336     4.238     2.908    2    2    2    2
  21     3.336     4.238     2.908    2    2    2    2
  22     1.506     5.971     0.424    0    0    0    0
  23     1.681     5.067     2.405    1    1    1    1
  24     1.598     2.994     1.678    3    3    3    3
  25     2.952     2.490     0.594    4    4    4    4
  26     1.506     5.971     0.424    0    0    0    0
  27     1.681     5.067     2.405    1    1    1    1
  28     3.336     4.238     2.908    2    2    2    2
  29     2.952     2.490     0.594    4    4    4    4
  30     1.598     2.994     1.678    3    3    3    3
  31     2.952     2.490     0.594    4    4    4    4
  32     3.336     4.238     2.908    2    2    2    2
  33     1.506     5.971     0.424    0    0    0    0
  34     1.598     2.994     1.678    3    3    3    3
  35     1.681     5.067     2.405    1    1    1    1
  36     1.598     2.994     1.678    3    3    3    3
  37     2.952     2.490     0.594    4    4    4    4
  38     1.506     5.971     0.424    0    0    0    0
  39     3.336     4.238     2.908    2    2    2    2
  40     1.681     5.067     2.405    1    1    1    1
  41     2.952     2.490     0.594    4    4    4    4
  42     3.336     4.238     2.908    2    2    2    2
  43     1.598     2.994     1.678    3    3    3    3
  44     1.681     5.067     2.405    1    1    1    1
  45     1.506     5.971     0.424    0    0    0    0
  46     1.681     5.067     2.405    1    1    1    1
  47     3.336     4.238     2.908    2    2    2    2
  48     1.506     5.971     0.424    0    0    0    0
  49     1.598     2.994     1.678    3    3    3    3
  50     2.952     2.490     0.594    4    4    4    4
