40
   1     1.870     2.833     1.678    3    3    3    3
   2     1.996     4.952     2.405    1    1    1    1
   3     1.829     5.880     0.422    0    0    0    0
   4     3.153     2.232     0.597    4    4    4    4
   5     3.593     4.023     2.907    2    2    2    2
   6     1.829     5.880     0.422    0    0    0    0
   7     3.153     2.232     0.597    4    4    4    4
   8     1.870     2.833     1.678    3    3    3    3
   9     1.996     4.952     2.405    1    1    1    1
  10     3.593     4.023     2.907    2    2    2    2
  11     3.593     4.023     2.907    2    2    2    2
  12     1.829     5.880     0.422    0    0    0    0
  13     1.996     4.952     2.405    1    1    1    1
  14     1.870     2.833     1.678    3    3    3    3
  15     3.153     2.232     0.597    4    4    4    4
  16     1.829     5.880     0.422    0    0    0    0
  17     1.996     4.952     2.405    1    1    1    1
  18     3.593     4.023     2.907    2    2    2    2
  19     3.153     2.232     0.597    4    4    4    4
  20     1.870     2.833     1.678    3    3    3    3
  21     3.153     2.232     0.597    4    4    4    4
  22     3.593     4.023     2.907    2    2    2    2
  23     1.829     5.880     0.422    0    0    0    0
  24     1.870     2.833     1.678    3    3    3    3
  25     1.996     4.952     2.405    1    1    1    1
  26     1.870     2.833     1.678    3    3    3    3
  27     3.153     2.232     0.597    4    4    4    4
  28     1.829     5.880     0.422    0    0    0    0
  29     3.593     4.023     2.907    2    2    2    2
  30     1.996     4.952     2.405    1    1    1    1
  31     3.153     2.232     0.597    4    4    4    4
  32     3.593     4.023     2.907    2    2    2    2
  33     1.870     2.833     1.678    3    3    3    3
  34     1.996     4.952     2.405    1    1    1    1
  35     1.829     5.880     0.422    0    0    0    0
  36     1.996     4.952     2.405    1    1    1    1
  37     3.593     4.023     2.907    2    2    2    2
  38     1.829     5.880     0.422    0    0    0    0
  39     1.870     2.833     1.678    3    3    3    3
  40     3.153     2.232     0.597    4    4    4    4
