20
   1     2.673     4.623     2.404    1    1    1    1
   2     2.534     5.614     0.419    0    0    0    0
   3     3.519     1.595     0.595    4    4    4    4
   4     2.419     2.382     1.678    3    3    3    3
   5     4.119     3.484     2.907    2    2    2    2
   6     2.534     5.614     0.419    0    0    0    0
   7     4.119     3.484     2.907    2    2    2    2
   8     2.419     2.382     1.678    3    3    3    3
   9     3.519     1.595     0.595    4    4    4    4
  10     2.673     4.623     2.404    1    1    1    1
  11     2.534     5.614     0.419    0    0    0    0
  12     2.673     4.623     2.404    1    1    1    1
  13     2.419     2.382     1.678    3    3    3    3
  14     3.519     1.595     0.595    4    4    4    4
  15     4.119     3.484     2.907    2    2    2    2
  16     2.673     4.623     2.404    1    1    1    1
  17     2.534     5.614     0.419    0    0    0    0
  18     4.119     3.484     2.907    2    2    2    2
  19     3.519     1.595     0.595    4    4    4    4
  20     2.419     2.382     1.678    3    3    3    3
