50
   1     1.588     5.950     0.422    0    0    0    0
   2     3.402     4.185     2.909    2    2    2    2
   3     1.761     5.041     2.407    1    1    1    1
   4     1.668     2.956     1.680    3    3    3    3
   5     3.005     2.428     0.594    4    4    4    4
   6     1.588     5.950     0.422    0    0    0    0
   7     3.005     2.428     0.594    4    4    4    4
   8     3.402     4.185     2.909    2    2    2    2
   9     1.668     2.956     1.680    3    3    3    3
  10     1.761     5.041     2.407    1    1    1    1
  11     1.668     2.956     1.680    3    3    3    3
  12     3.402     4.185     2.909    2    2    2    2
  13     1.588     5.950     0.422    0    0    0    0
  14     1.761     5.041     2.407    1    1    1    1
  15     3.005     2.428     0.594    4    4    4    4
  16     3.402     4.185     2.909    2    2    2    2
  17     1.588     5.950     0.422    0    0    0    0
  18     1.668     2.956     1.680    3    3    3    3
  19     1.761     5.041     2.407    1    1    1    1
  20     3.005     2.428     0.594    4    4    4    4
  21     3.402     4.185     2.909    2    2    2    2
  22     1.668     2.956     1.680    3    3    3    3
  23     1.761     5.041     2.407    1    1    1    1
  24     3.005     2.428     0.594    4    4    4    4
  25     1.588     5.950     0.422    0    0    0    0
  26     3.402     4.185     2.909    2    2    2    2
  27     1.761     5.041     2.407    1    1    1    1
  28     3.005     2.428     0.594    4    4    4    4
  29     1.588     5.950     0.422    0    0    0    0
  30     1.668     2.956     1.680    3    3    3    3
  31     1.761     5.041     2.407    1    1    1    1
  32     1.588     5.950     0.422    0    0    0    0
  33     3.005     2.428     0.594    4    4    4    4
  34     1.668     2.956     1.680    3    3    3    3
  35     3.402     4.185     2.909    2    2    2    2
  36     1.588     5.950     0.422    0    0    0    0
  37     3.402     4.185     2.909    2    2    2    2
  38     1.668     2.956     1.680    3    3    3    3
  39     3.005     2.428     0.594    4    4    4    4
  40     1.761     5.041     2.407    1    1    1    1
  41     1.588     5.950     0.422    0    0    0    0
  42     1.761     5.041     2.407    1    1    1    1
  43     1.668     2.956     1.680    3    3    3    3
  44     3.005     2.428     0.594    4    4    4    4
  45     3.402     4.185     2.909    2    2    2    2
  46     1.761     5.041     2.407    1    1    1    1
  47     1.588     5.950     0.422    0    0    0    0
  48     3.402     4.185     2.909    2    2    2    2
  49     3.005     2.428     0.594    4    4    4    4
  50     1.668     2.956     1.680    3    3    3    3
