15
   1     2.474     2.326     1.680    3    3    3    3
   2     3.552     1.521     0.595    4    4    4    4
   3     2.610     5.580     0.420    0    0    0    0
   4     4.173     3.421     2.907    2    2    2    2
   5     2.745     4.581     2.405    1    1    1    1
   6     3.552     1.521     0.595    4    4    4    4
   7     4.173     3.421     2.907    2    2    2    2
   8     2.474     2.326     1.680    3    3    3    3
   9     2.745     4.581     2.405    1    1    1    1
  10     2.610     5.580     0.420    0    0    0    0
  11     2.745     4.581     2.405    1    1    1    1
  12     4.173     3.421     2.907    2    2    2    2
  13     2.610     5.580     0.420    0    0    0    0
  14     2.474     2.326     1.680    3    3    3    3
  15     3.552     1.521     0.595    4    4    4    4
