25
   1     2.303     5.712     0.421    0    0    0    0
   2     2.453     4.744     2.404    1    1    1    1
   3     3.952     3.672     2.907    2    2    2    2
   4     3.411     1.816     0.595    4    4    4    4
   5     2.246     2.545     1.677    3    3    3    3
   6     3.411     1.816     0.595    4    4    4    4
   7     3.952     3.672     2.907    2    2    2    2
   8     2.303     5.712     0.421    0    0    0    0
   9     2.246     2.545     1.677    3    3    3    3
  10     2.453     4.744     2.404    1    1    1    1
  11     2.246     2.545     1.677    3    3    3    3
  12     3.411     1.816     0.595    4    4    4    4
  13     2.303     5.712     0.421    0    0    0    0
  14     3.952     3.672     2.907    2    2    2    2
  15     2.453     4.744     2.404    1    1    1    1
  16     3.411     1.816     0.595    4    4    4    4
  17     3.952     3.672     2.907    2    2    2    2
  18     2.246     2.545     1.677    3    3    3    3
  19     2.453     4.744     2.404    1    1    1    1
  20     2.303     5.712     0.421    0    0    0    0
  21     2.453     4.744     2.404    1    1    1    1
  22     3.952     3.672     2.907    2    2    2    2
  23     2.303     5.712     0.421    0    0    0    0
  24     2.246     2.545     1.677    3    3    3    3
  25     3.411     1.816     0.595    4    4    4    4
