45
   1     1.668     5.928     0.420    0    0    0    0
   2     1.839     5.012     2.406    1    1    1    1
   3     1.736     2.917     1.677    3    3    3    3
   4     3.466     4.132     2.907    2    2    2    2
   5     3.055     2.364     0.596    4    4    4    4
   6     1.736     2.917     1.677    3    3    3    3
   7     1.839     5.012     2.406    1    1    1    1
   8     1.668     5.928     0.420    0    0    0    0
   9     3.055     2.364     0.596    4    4    4    4
  10     3.466     4.132     2.907    2    2    2    2
  11     1.668     5.928     0.420    0    0    0    0
  12     3.055     2.364     0.596    4    4    4    4
  13     1.736     2.917     1.677    3    3    3    3
  14     1.839     5.012     2.406    1    1    1    1
  15     3.466     4.132     2.907    2    2    2    2
  16     3.466     4.132     2.907    2    2    2    2
  17     1.668     5.928     0.420    0    0    0    0
  18     1.839     5.012     2.406    1    1    1    1
  19     1.736     2.917     1.677    3    3    3    3
  20     3.055     2.364     0.596    4    4    4    4
  21     1.668     5.928     0.420    0    0    0    0
  22     1.839     5.012     2.406    1    1    1    1
  23     3.466     4.132     2.907    2    2    2    2
  24     3.055     2.364     0.596    4    4    4    4
  25     1.736     2.917     1.677    3    3    3    3
  26     3.055     2.364     0.596    4    4    4    4
  27     3.466     4.132     2.907    2    2    2    2
  28     1.668     5.928     0.420    0    0    0    0
  29     1.736     2.917     1.677    3    3    3    3
  30     1.839     5.012     2.406    1    1    1    1
  31     1.736     2.917     1.677    3    3    3    3
  32     3.055     2.364     0.596    4    4    4    4
  33     1.668     5.928     0.420    0    0    0    0
  34     3.466     4.132     2.907    2    2    2    2
  35     1.839     5.012     2.406    1    1    1    1
  36     3.055     2.364     0.596    4    4    4    4
  37     3.466     4.132     2.907    2    2    2    2
  38     1.736     2.917     1.677    3    3    3    3
  39     1.839     5.012     2.406    1    1    1    1
  40     1.668     5.928     0.420    0    0    0    0
  41     1.839     5.012     2.406    1    1    1    1
  42     3.466     4.132     2.907    2    2    2    2
  43     1.668     5.928     0.420    0    0    0    0
  44     1.736     2.917     1.677    3    3    3    3
  45     3.055     2.364     0.596    4    4    4    4
