20
   1     3.484     1.669     0.596    4    4    4    4
   2     4.065     3.548     2.905    2    2    2    2
   3     2.457     5.649     0.421    0    0    0    0
   4     2.363     2.437     1.680    3    3    3    3
   5     2.601     4.664     2.403    1    1    1    1
   6     2.363     2.437     1.680    3    3    3    3
   7     3.484     1.669     0.596    4    4    4    4
   8     2.457     5.649     0.421    0    0    0    0
   9     4.065     3.548     2.905    2    2    2    2
  10     2.601     4.664     2.403    1    1    1    1
  11     3.484     1.669     0.596    4    4    4    4
  12     4.065     3.548     2.905    2    2    2    2
  13     2.363     2.437     1.680    3    3    3    3
  14     2.601     4.664     2.403    1    1    1    1
  15     2.457     5.649     0.421    0    0    0    0
  16     2.601     4.664     2.403    1    1    1    1
  17     4.065     3.548     2.905    2    2    2    2
  18     2.457     5.649     0.421    0    0    0    0
  19     2.363     2.437     1.680    3    3    3    3
  20     3.484     1.669     0.596    4    4    4    4
