25
   1     4.009     3.610     2.910    2    2    2    2
   2     2.527     4.705     2.402    1    1    1    1
   3     3.448     1.743     0.595    4    4    4    4
   4     2.380     5.681     0.422    0    0    0    0
   5     2.305     2.492     1.678    3    3    3    3
   6     2.527     4.705     2.402    1    1    1    1
   7     2.380     5.681     0.422    0    0    0    0
   8     3.448     1.743     0.595    4    4    4    4
   9     2.305     2.492     1.678    3    3    3    3
  10     4.009     3.610     2.910    2    2    2    2
  11     2.380     5.681     0.422    0    0    0    0
  12     4.009     3.610     2.910    2    2    2    2
  13     2.305     2.492     1.678    3    3    3    3
  14     3.448     1.743     0.595    4    4    4    4
  15     2.527     4.705     2.402    1    1    1    1
  16     2.380     5.681     0.422    0    0    0    0
  17     2.527     4.705     2.402    1    1    1    1
  18     2.305     2.492     1.678    3    3    3    3
  19     3.448     1.743     0.595    4    4    4    4
  20     4.009     3.610     2.910    2    2    2    2
  21     2.527     4.705     2.402    1    1    1    1
  22     2.380     5.681     0.422    0    0    0    0
  23     4.009     3.610     2.910    2    2    2    2
  24     3.448     1.743     0.595    4    4    4    4
  25     2.305     2.492     1.678    3    3    3    3
