35
   1     1.988     5.828     0.422    0    0    0    0
   2     3.244     2.097     0.598    4    4    4    4
   3     2.000     2.742     1.680    3    3    3    3
   4     2.151     4.888     2.403    1    1    1    1
   5     3.716     3.910     2.906    2    2    2    2
   6     3.716     3.910     2.906    2    2    2    2
   7     1.988     5.828     0.422    0    0    0    0
   8     2.151     4.888     2.403    1    1    1    1
   9     2.000     2.742     1.680    3    3    3    3
  10     3.244     2.097     0.598    4    4    4    4
  11     1.988     5.828     0.422    0    0    0    0
  12     2.151     4.888     2.403    1    1    1    1
  13     3.716     3.910     2.906    2    2    2    2
  14     3.244     2.097     0.598    4    4    4    4
  15     2.000     2.742     1.680    3    3    3    3
  16     3.244     2.097     0.598    4    4    4    4
  17     3.716     3.910     2.906    2    2    2    2
  18     1.988     5.828     0.422    0    0    0    0
  19     2.000     2.742     1.680    3    3    3    3
  20     2.151     4.888     2.403    1    1    1    1
  21     2.000     2.742     1.680    3    3    3    3
  22     3.244     2.097     0.598    4    4    4    4
  23     1.988     5.828     0.422    0    0    0    0
  24     3.716     3.910     2.906    2    2    2    2
  25     2.151     4.888     2.403    1    1    1    1
  26     3.244     2.097     0.598    4    4    4    4
  27     3.716     3.910     2.906    2    2    2    2
  28     2.000     2.742     1.680    3    3    3    3
  29     2.151     4.888     2.403    1    1    1    1
  30     1.988     5.828     0.422    0    0    0    0
  31     2.151     4.888     2.403    1    1    1    1
  32     3.716     3.910     2.906    2    2    2    2
  33     1.988     5.828     0.422    0    0    0    0
  34     2.000     2.742     1.680    3    3    3    3
  35     3.244     2.097     0.598    4    4    4    4
