30
   1     3.836     3.793     2.907    2    2    2    2
   2     2.146     5.773     0.422    0    0    0    0
   3     2.303     4.818     2.405    1    1    1    1
   4     2.125     2.647     1.678    3    3    3    3
   5     3.331     1.957     0.595    4    4    4    4
   6     2.146     5.773     0.422    0    0    0    0
   7     2.303     4.818     2.405    1    1    1    1
   8     3.836     3.793     2.907    2    2    2    2
   9     3.331     1.957     0.595    4    4    4    4
  10     2.125     2.647     1.678    3    3    3    3
  11     3.331     1.957     0.595    4    4    4    4
  12     3.836     3.793     2.907    2    2    2    2
  13     2.146     5.773     0.422    0    0    0    0
  14     2.125     2.647     1.678    3    3    3    3
  15     2.303     4.818     2.405    1    1    1    1
  16     2.125     2.647     1.678    3    3    3    3
  17     3.331     1.957     0.595    4    4    4    4
  18     2.146     5.773     0.422    0    0    0    0
  19     3.836     3.793     2.907    2    2    2    2
  20     2.303     4.818     2.405    1    1    1    1
  21     3.331     1.957     0.595    4    4    4    4
  22     3.836     3.793     2.907    2    2    2    2
  23     2.125     2.647     1.678    3    3    3    3
  24     2.303     4.818     2.405    1    1    1    1
  25     2.146     5.773     0.422    0    0    0    0
  26     2.303     4.818     2.405    1    1    1    1
  27     3.836     3.793     2.907    2    2    2    2
  28     2.146     5.773     0.422    0    0    0    0
  29     2.125     2.647     1.678    3    3    3    3
  30     3.331     1.957     0.595    4    4    4    4
