40
   1     1.936     2.788     1.677    3    3    3    3
   2     3.656     3.967     2.910    2    2    2    2
   3     1.909     5.854     0.422    0    0    0    0
   4     2.074     4.920     2.405    1    1    1    1
   5     3.199     2.165     0.593    4    4    4    4
   6     3.656     3.967     2.910    2    2    2    2
   7     1.909     5.854     0.422    0    0    0    0
   8     1.936     2.788     1.677    3    3    3    3
   9     2.074     4.920     2.405    1    1    1    1
  10     3.199     2.165     0.593    4    4    4    4
  11     3.656     3.967     2.910    2    2    2    2
  12     1.936     2.788     1.677    3    3    3    3
  13     2.074     4.920     2.405    1    1    1    1
  14     3.199     2.165     0.593    4    4    4    4
  15     1.909     5.854     0.422    0    0    0    0
  16     3.656     3.967     2.910    2    2    2    2
  17     2.074     4.920     2.405    1    1    1    1
  18     3.199     2.165     0.593    4    4    4    4
  19     1.909     5.854     0.422    0    0    0    0
  20     1.936     2.788     1.677    3    3    3    3
  21     2.074     4.920     2.405    1    1    1    1
  22     1.909     5.854     0.422    0    0    0    0
  23     3.199     2.165     0.593    4    4    4    4
  24     1.936     2.788     1.677    3    3    3    3
  25     3.656     3.967     2.910    2    2    2    2
  26     1.909     5.854     0.422    0    0    0    0
  27     3.656     3.967     2.910    2    2    2    2
  28     1.936     2.788     1.677    3    3    3    3
  29     3.199     2.165     0.593    4    4    4    4
  30     2.074     4.920     2.405    1    1    1    1
  31     1.909     5.854     0.422    0    0    0    0
  32     2.074     4.920     2.405    1    1    1    1
  33     1.936     2.788     1.677    3    3    3    3
  34     3.199     2.165     0.593    4    4    4    4
  35     3.656     3.967     2.910    2    2    2    2
  36     2.074     4.920     2.405    1    1    1    1
  37     1.909     5.854     0.422    0    0    0    0
  38     3.656     3.967     2.910    2    2    2    2
  39     3.199     2.165     0.593    4    4    4    4
  40     1.936     2.788     1.677    3    3    3    3
