35
   1     3.777     3.851     2.908    2    2    2    2
   2     2.067     5.802     0.420    0    0    0    0
   3     2.064     2.695     1.677    3    3    3    3
   4     2.227     4.853     2.404    1    1    1    1
   5     3.289     2.028     0.594    4    4    4    4
   6     3.777     3.851     2.908    2    2    2    2
   7     2.064     2.695     1.677    3    3    3    3
   8     2.227     4.853     2.404    1    1    1    1
   9     3.289     2.028     0.594    4    4    4    4
  10     2.067     5.802     0.420    0    0    0    0
  11     3.777     3.851     2.908    2    2    2    2
  12     2.227     4.853     2.404    1    1    1    1
  13     3.289     2.028     0.594    4    4    4    4
  14     2.067     5.802     0.420    0    0    0    0
  15     2.064     2.695     1.677    3    3    3    3
  16     2.227     4.853     2.404    1    1    1    1
  17     2.067     5.802     0.420    0    0    0    0
  18     3.289     2.028     0.594    4    4    4    4
  19     2.064     2.695     1.677    3    3    3    3
  20     3.777     3.851     2.908    2    2    2    2
  21     2.067     5.802     0.420    0    0    0    0
  22     3.777     3.851     2.908    2    2    2    2
  23     2.064     2.695     1.677    3    3    3    3
  24     3.289     2.028     0.594    4    4    4    4
  25     2.227     4.853     2.404    1    1    1    1
  26     2.067     5.802     0.420    0    0    0    0
  27     2.227     4.853     2.404    1    1    1    1
  28     2.064     2.695     1.677    3    3    3    3
  29     3.289     2.028     0.594    4    4    4    4
  30     3.777     3.851     2.908    2    2    2    2
  31     2.227     4.853     2.404    1    1    1    1
  32     2.067     5.802     0.420    0    0    0    0
  33     3.777     3.851     2.908    2    2    2    2
  34     3.289     2.028     0.594    4    4    4    4
  35     2.064     2.695     1.677    3    3    3    3
