15
   1     2.686     5.543     0.420    0    0    0    0
   2     4.225     3.355     2.906    2    2    2    2
   3     2.527     2.267     1.680    3    3    3    3
   4     3.584     1.445     0.595    4    4    4    4
   5     2.817     4.537     2.405    1    1    1    1
   6     2.686     5.543     0.420    0    0    0    0
   7     2.817     4.537     2.405    1    1    1    1
   8     2.527     2.267     1.680    3    3    3    3
   9     3.584     1.445     0.595    4    4    4    4
  10     4.225     3.355     2.906    2    2    2    2
  11     2.817     4.537     2.405    1    1    1    1
  12     2.686     5.543     0.420    0    0    0    0
  13     4.225     3.355     2.906    2    2    2    2
  14     3.584     1.445     0.595    4    4    4    4
  15     2.527     2.267     1.680    3    3    3    3
