45
   1     1.749     5.905     0.422    0    0    0    0
   2     3.105     2.298     0.598    4    4    4    4
   3     3.530     4.078     2.911    2    2    2    2
   4     1.803     2.876     1.678    3    3    3    3
   5     1.918     4.983     2.406    1    1    1    1
   6     1.803     2.876     1.678    3    3    3    3
   7     3.530     4.078     2.911    2    2    2    2
   8     1.749     5.905     0.422    0    0    0    0
   9     1.918     4.983     2.406    1    1    1    1
  10     3.105     2.298     0.598    4    4    4    4
  11     3.530     4.078     2.911    2    2    2    2
  12     1.749     5.905     0.422    0    0    0    0
  13     1.803     2.876     1.678    3    3    3    3
  14     1.918     4.983     2.406    1    1    1    1
  15     3.105     2.298     0.598    4    4    4    4
  16     3.530     4.078     2.911    2    2    2    2
  17     1.803     2.876     1.678    3    3    3    3
  18     1.918     4.983     2.406    1    1    1    1
  19     3.105     2.298     0.598    4    4    4    4
  20     1.749     5.905     0.422    0    0    0    0
  21     3.530     4.078     2.911    2    2    2    2
  22     1.918     4.983     2.406    1    1    1    1
  23     3.105     2.298     0.598    4    4    4    4
  24     1.749     5.905     0.422    0    0    0    0
  25     1.803     2.876     1.678    3    3    3    3
  26     1.918     4.983     2.406    1    1    1    1
  27     1.749     5.905     0.422    0    0    0    0
  28     3.105     2.298     0.598    4    4    4    4
  29     1.803     2.876     1.678    3    3    3    3
  30     3.530     4.078     2.911    2    2    2    2
  31     1.749     5.905     0.422    0    0    0    0
  32     3.530     4.078     2.911    2    2    2    2
  33     1.803     2.876     1.678    3    3    3    3
  34     3.105     2.298     0.598    4    4    4    4
  35     1.918     4.983     2.406    1    1    1    1
  36     1.749     5.905     0.422    0    0    0    0
  37     1.918     4.983     2.406    1    1    1    1
  38     1.803     2.876     1.678    3    3    3    3
  39     3.105     2.298     0.598    4    4    4    4
  40     3.530     4.078     2.911    2    2    2    2
  41     1.918     4.983     2.406    1    1    1    1
  42     1.749     5.905     0.422    0    0    0    0
  43     3.530     4.078     2.911    2    2    2    2
  44     3.105     2.298     0.598    4    4    4    4
  45     1.803     2.876     1.678    3    3    3    3
