30
   1     3.895     3.733     2.907    2    2    2    2
   2     2.187     2.596     1.678    3    3    3    3
   3     2.378     4.781     2.404    1    1    1    1
   4     3.371     1.887     0.596    4    4    4    4
   5     2.225     5.744     0.423    0    0    0    0
   6     3.895     3.733     2.907    2    2    2    2
   7     2.378     4.781     2.404    1    1    1    1
   8     3.371     1.887     0.596    4    4    4    4
   9     2.225     5.744     0.423    0    0    0    0
  10     2.187     2.596     1.678    3    3    3    3
  11     2.378     4.781     2.404    1    1    1    1
  12     2.225     5.744     0.423    0    0    0    0
  13     3.371     1.887     0.596    4    4    4    4
  14     2.187     2.596     1.678    3    3    3    3
  15     3.895     3.733     2.907    2    2    2    2
  16     2.225     5.744     0.423    0    0    0    0
  17     3.895     3.733     2.907    2    2    2    2
  18     2.187     2.596     1.678    3    3    3    3
  19     3.371     1.887     0.596    4    4    4    4
  20     2.378     4.781     2.404    1    1    1    1
  21     2.225     5.744     0.423    0    0    0    0
  22     2.378     4.781     2.404    1    1    1    1
  23     2.187     2.596     1.678    3    3    3    3
  24     3.371     1.887     0.596    4    4    4    4
  25     3.895     3.733     2.907    2    2    2    2
  26     2.378     4.781     2.404    1    1    1    1
  27     2.225     5.744     0.423    0    0    0    0
  28     3.895     3.733     2.907    2    2    2    2
  29     3.371     1.887     0.596    4    4    4    4
  30     2.187     2.596     1.678    3    3    3    3
